# K        T1            T2           R1            R2 
24.94       0.000000       0.000000       1.000000       0.000000
25.32       0.000000       0.000000       1.000000       0.000000
25.81       0.000000       0.000000       1.000000       0.000000
26.55       0.000000       0.000000       1.000000       0.000000
27.04       0.000000       0.000000       1.000000       0.000000
27.54       0.001646       0.000034       0.998320       0.000000
28.03       0.174342       0.008618       0.817015       0.000025
28.20       0.396208       0.029592       0.573679       0.000521
28.30       0.535732       0.053528       0.409197       0.001543
28.40       0.639938       0.085062       0.270785       0.004215
28.60       0.664460       0.159620       0.153964       0.021956
28.70       0.597752       0.182588       0.181336       0.038324
28.80       0.503613       0.183827       0.251679       0.060881
28.90       0.412254       0.166186       0.336292       0.085268
29.00       0.349947       0.139533       0.406180       0.104340
29.40       0.256632       0.076868       0.516230       0.150270
30.00       0.180578       0.054242       0.594976       0.170204
30.60       0.208279       0.067601       0.560902       0.163218
31.00       0.223927       0.098273       0.520509       0.157291
31.80       0.407285       0.553935       0.029686       0.009094
32.60       0.477371       0.522629       0.000000       0.000000
33.40       0.528667       0.471333       0.000000       0.000000
34.00       0.561424       0.438576       0.000000       0.000000
35.00       0.607541       0.392459       0.000000       0.000000
36.00       0.645299       0.354701       0.000000       0.000000
37.20       0.682341       0.317659       0.000000       0.000000
38.00       0.703168       0.296832       0.000000       0.000000
39.00       0.725870       0.274130       0.000000       0.000000
39.60       0.738091       0.261909       0.000000       0.000000
40.00       0.745641       0.254359       0.000000       0.000000
40.20       0.749290       0.250710       0.000000       0.000000
41.40       0.769247       0.230753       0.000000       0.000000
43.20       0.794251       0.205749       0.000000       0.000000
44.40       0.808338       0.191661       0.000000       0.000000
46.20       0.826490       0.173510       0.000000       0.000000
48.00       0.841769       0.158231       0.000000       0.000000
49.80       0.854807       0.145193       0.000000       0.000000
