    K        T1            T2           R1            R2 
    24.9    0.000000    0.000000    1.000000    0.000000
    25.3    0.000000    0.000000    1.000000    0.000000
    25.8    0.000000    0.000000    1.000000    0.000000
    26.6    0.000000    0.000000    1.000000    0.000000
    27.0    0.000000    0.000000    1.000000    0.000000
    27.5    0.001420    0.000000    0.998580    0.000000
    28.0    0.178520    0.000000    0.821480    0.000000
    28.2    0.412180    0.000000    0.587820    0.000000
    28.3    0.559600    0.000000    0.440400    0.000000
    28.4    0.686340    0.000000    0.313660    0.000000
    28.6    0.785520    0.000000    0.214480    0.000000
    28.7    0.776140    0.000000    0.223860    0.000000
    28.8    0.735260    0.000000    0.264740    0.000000
    28.9    0.685260    0.000000    0.314740    0.000000
    29.0    0.640840    0.000000    0.359160    0.000000
    29.4    0.530840    0.000000    0.469160    0.000000
    30.0    0.520120    0.000000    0.479880    0.000000
    30.6    0.584600    0.000000    0.415400    0.000000
    31.0    0.641260    0.000000    0.358740    0.000000
    31.8    0.659420    0.000000    0.340580    0.000000
    32.6    0.672240    0.000000    0.327760    0.000000
    33.4    0.688640    0.000000    0.311360    0.000000
    34.0    0.695500    0.000000    0.304500    0.000000
    35.0    0.732660    0.000000    0.267340    0.000000
    36.0    0.753720    0.000000    0.246280    0.000000
    37.2    0.782540    0.000000    0.217460    0.000000
    38.0    0.794740    0.000000    0.205260    0.000000
    39.0    0.808460    0.000000    0.191540    0.000000
    39.6    0.812580    0.010880    0.176540    0.000000
    40.0    0.784120    0.125240    0.090620    0.000020
    40.2    0.766180    0.199400    0.034420    0.000000
    41.4    0.770520    0.229480    0.000000    0.000000
    43.2    0.792620    0.207380    0.000000    0.000000
    44.4    0.807320    0.192680    0.000000    0.000000
    46.2    0.827440    0.172560    0.000000    0.000000
    48.0    0.842580    0.157420    0.000000    0.000000
    49.8    0.853800    0.146200    0.000000    0.000000
    51.6    0.866660    0.133340    0.000000    0.000000
    52.8    0.870480    0.129520    0.000000    0.000000
    54.6    0.881320    0.118680    0.000000    0.000000
    55.2    0.883740    0.116260    0.000000    0.000000
