    K        T1            T2           R1            R2 
   24.94    0.000000    0.000000    1.000000    0.000000
   25.32    0.000000    0.000000    1.000000    0.000000
   25.81    0.000000    0.000000    1.000000    0.000000
   26.55    0.000000    0.000000    1.000000    0.000000
   27.04    0.000000    0.000000    1.000000    0.000000
   27.54    0.001480    0.000000    0.998520    0.000000
   28.03    0.178780    0.000000    0.821220    0.000000
   28.20    0.408880    0.000000    0.591120    0.000000
   28.30    0.561840    0.000000    0.438160    0.000000
   28.40    0.689900    0.000000    0.310100    0.000000
   28.60    0.812200    0.000000    0.187800    0.000000
   28.70    0.822840    0.000000    0.177160    0.000000
   28.80    0.812380    0.000000    0.187620    0.000000
   28.90    0.777260    0.000000    0.222740    0.000000
   29.00    0.726960    0.000000    0.273040    0.000000
   29.40    0.441620    0.000000    0.558380    0.000000
   30.00    0.636480    0.000000    0.363520    0.000000
   30.60    0.482160    0.000000    0.517840    0.000000
   31.00    0.751140    0.000000    0.248860    0.000000
   31.80    0.564820    0.000000    0.435180    0.000000
   32.60    0.738240    0.000000    0.261760    0.000000
   33.40    0.712960    0.000000    0.287040    0.000000
   34.00    0.750480    0.000000    0.249520    0.000000
   35.00    0.756840    0.000000    0.243160    0.000000
   36.00    0.761580    0.000000    0.238420    0.000000
   37.20    0.780700    0.000000    0.219300    0.000000
   38.00    0.793020    0.000000    0.206980    0.000000
   39.00    0.809420    0.000000    0.190580    0.000000
   39.60    0.812640    0.011900    0.175460    0.000000
   40.00    0.782500    0.128340    0.089160    0.000000
   40.20    0.763840    0.201060    0.035100    0.000000
   41.40    0.768080    0.231920    0.000000    0.000000
   43.20    0.796580    0.203420    0.000000    0.000000
   44.40    0.808340    0.191660    0.000000    0.000000
   46.20    0.826180    0.173820    0.000000    0.000000
   48.00    0.844300    0.155700    0.000000    0.000000
   49.80    0.854200    0.145800    0.000000    0.000000
   51.60    0.868380    0.131620    0.000000    0.000000
   52.80    0.871400    0.128600    0.000000    0.000000
   54.60    0.881760    0.118240    0.000000    0.000000
   55.20    0.885800    0.114200    0.000000    0.000000
