    K        T1            T2           R1            R2 
    5.00    0.850520    0.000000    0.058600    0.090880
    5.61    0.824820    0.000000    0.092940    0.082240
    6.28    0.797480    0.000000    0.083900    0.118620
    7.08    0.767480    0.000000    0.119720    0.112800
    7.85    0.747460    0.000000    0.082420    0.170120
    8.68    0.727240    0.000000    0.126640    0.146120
    9.55    0.706320    0.000000    0.107000    0.186680
   10.53    0.691540    0.000000    0.109580    0.198880
   12.07    0.667480    0.000000    0.117280    0.215240
   13.24    0.656120    0.000000    0.122700    0.221180
   14.90    0.634120    0.000000    0.130580    0.235300
   16.50    0.625480    0.000000    0.130660    0.243860
   17.86    0.615380    0.000000    0.132080    0.252540
   18.79    0.607120    0.000000    0.136440    0.256440
   20.02    0.604120    0.000000    0.142700    0.253180
   21.00    0.600940    0.000000    0.141480    0.257580
   21.86    0.593120    0.000000    0.139240    0.267640
   22.48    0.591240    0.000000    0.140280    0.268480
   23.28    0.589560    0.000000    0.138760    0.271680
   24.08    0.587520    0.000040    0.140300    0.272140
   24.94    0.588380    0.001380    0.140360    0.269880
   25.81    0.582480    0.011620    0.134940    0.270960
   26.55    0.577840    0.038460    0.129560    0.254140
   27.04    0.574060    0.074320    0.118520    0.233100
   27.54    0.574140    0.122300    0.102660    0.200900
   28.03    0.574600    0.177200    0.083640    0.164560
   28.52    0.577100    0.231080    0.065700    0.126120
   29.00    0.576200    0.288300    0.046460    0.089040
   29.50    0.572380    0.338540    0.030260    0.058820
   30.00    0.568280    0.374260    0.019180    0.038280
   31.00    0.565220    0.417480    0.005720    0.011580
   32.00    0.566300    0.429320    0.001140    0.003240
   33.00    0.563980    0.435200    0.000160    0.000660
   34.00    0.557040    0.442840    0.000020    0.000100
   35.00    0.557900    0.442080    0.000000    0.000020
   36.00    0.555320    0.444680    0.000000    0.000000
   37.00    0.554420    0.445580    0.000000    0.000000
   38.00    0.553040    0.446960    0.000000    0.000000
   39.00    0.552400    0.447600    0.000000    0.000000
   40.00    0.555840    0.444160    0.000000    0.000000
