    K        T1            T2           R1            R2 
    5.00    0.856580    0.000000    0.065760    0.077660
    5.61    0.827360    0.000000    0.146980    0.025660
    6.28    0.796060    0.000000    0.077600    0.126340
    7.08    0.768320    0.000000    0.034660    0.197020
    7.85    0.747680    0.000000    0.158180    0.094140
    8.68    0.729000    0.000000    0.125640    0.145360
    9.55    0.711160    0.000000    0.044200    0.244640
   10.53    0.694220    0.000000    0.171160    0.134620
   12.07    0.668740    0.000000    0.065220    0.266040
   13.24    0.655960    0.000000    0.169360    0.174680
   14.90    0.641460    0.000000    0.096720    0.261820
   16.50    0.628680    0.000000    0.139340    0.231980
   17.86    0.614440    0.000000    0.128120    0.257440
   18.79    0.610700    0.000000    0.152380    0.236920
   20.02    0.603780    0.000000    0.121000    0.275220
   21.00    0.598640    0.000000    0.131740    0.269620
   21.86    0.596940    0.000000    0.137740    0.265320
   22.48    0.592920    0.000000    0.137900    0.269180
   23.28    0.589200    0.000000    0.141220    0.269580
   24.08    0.589480    0.000060    0.140180    0.270280
   24.94    0.583380    0.001240    0.138560    0.276820
   25.81    0.577040    0.011420    0.140520    0.271020
   26.55    0.579800    0.038340    0.130840    0.251020
   27.04    0.580400    0.071300    0.118080    0.230220
   27.54    0.578020    0.121100    0.102540    0.198340
   28.03    0.576100    0.178100    0.082200    0.163600
   28.52    0.575100    0.236940    0.062640    0.125320
   29.00    0.567500    0.293800    0.047040    0.091660
   29.50    0.574020    0.337140    0.029360    0.059480
   30.00    0.575220    0.368600    0.019860    0.036320
   31.00    0.570340    0.411980    0.005740    0.011940
   32.00    0.566380    0.429200    0.001680    0.002740
   33.00    0.565840    0.433000    0.000440    0.000720
   34.00    0.555340    0.444540    0.000040    0.000080
   35.00    0.557720    0.442240    0.000000    0.000040
   36.00    0.557500    0.442500    0.000000    0.000000
   37.00    0.557920    0.442080    0.000000    0.000000
   38.00    0.556940    0.443060    0.000000    0.000000
   39.00    0.550140    0.449860    0.000000    0.000000
   40.00    0.550860    0.449140    0.000000    0.000000
