    K        T1            T2           R1            R2 
    5.00    0.857720    0.000000    0.020040    0.122240
    5.61    0.827940    0.000000    0.030200    0.141860
    6.28    0.796000    0.000000    0.039360    0.164640
    7.08    0.768380    0.000000    0.052860    0.178760
    7.85    0.749460    0.000000    0.063500    0.187040
    8.68    0.731380    0.000000    0.072320    0.196300
    9.55    0.708380    0.000000    0.085320    0.206300
   10.53    0.693380    0.000000    0.094760    0.211860
   12.07    0.669960    0.000000    0.110600    0.219440
   13.24    0.653440    0.000000    0.120620    0.225940
   14.90    0.637160    0.000000    0.132040    0.230800
   16.50    0.625820    0.000000    0.139680    0.234500
   17.86    0.612300    0.000000    0.147100    0.240600
   18.79    0.610980    0.000000    0.150960    0.238060
   20.02    0.606160    0.000000    0.154520    0.239320
   21.00    0.597540    0.000000    0.160900    0.241560
   21.86    0.595460    0.000000    0.164380    0.240160
   22.48    0.592580    0.000000    0.167260    0.240160
   23.28    0.588580    0.000000    0.170220    0.241200
   24.08    0.585540    0.000080    0.174100    0.240280
   24.94    0.584980    0.001420    0.173000    0.240600
   25.81    0.582480    0.011220    0.171700    0.234600
   26.55    0.580380    0.037340    0.161260    0.221020
   27.04    0.575920    0.074580    0.146720    0.202780
   27.54    0.575200    0.119600    0.129940    0.175260
   28.03    0.572940    0.180620    0.104620    0.141820
   28.52    0.576480    0.234460    0.079480    0.109580
   29.00    0.571420    0.291900    0.058500    0.078180
   29.50    0.571680    0.337860    0.038080    0.052380
   30.00    0.571880    0.373040    0.023360    0.031720
   31.00    0.567680    0.413280    0.008200    0.010840
   32.00    0.564920    0.430520    0.001960    0.002600
   33.00    0.562540    0.436440    0.000600    0.000420
   34.00    0.559780    0.440080    0.000060    0.000080
   35.00    0.561080    0.438920    0.000000    0.000000
   36.00    0.554520    0.445460    0.000000    0.000020
   37.00    0.558740    0.441260    0.000000    0.000000
   38.00    0.556920    0.443080    0.000000    0.000000
   39.00    0.551680    0.448320    0.000000    0.000000
   40.00    0.551560    0.448440    0.000000    0.000000
