    K        T1            T2           R1            R2 
    5.00    0.849260    0.000000    0.057520    0.093220
    5.61    0.820820    0.000000    0.094320    0.084860
    6.28    0.793040    0.000000    0.037340    0.169620
    7.08    0.766480    0.000000    0.033760    0.199760
    7.85    0.748480    0.000000    0.085000    0.166520
    8.68    0.732300    0.000000    0.077240    0.190460
    9.55    0.714620    0.000000    0.069600    0.215780
   10.53    0.701320    0.000000    0.091420    0.207260
   12.07    0.686360    0.000000    0.097820    0.215820
   13.24    0.677280    0.000000    0.103040    0.219680
   14.90    0.664180    0.000000    0.112020    0.223800
   16.50    0.656440    0.000000    0.117640    0.225920
   17.86    0.648900    0.000000    0.122260    0.228840
   18.79    0.650520    0.000000    0.120560    0.228920
   20.02    0.640940    0.000000    0.128480    0.230580
   21.00    0.642000    0.000000    0.129500    0.228500
   21.86    0.635500    0.000000    0.132400    0.232100
   22.48    0.633820    0.000000    0.133980    0.232200
   23.28    0.632900    0.000000    0.135800    0.231300
   24.08    0.629680    0.000160    0.137580    0.232580
   24.94    0.626260    0.000980    0.138440    0.234320
   25.81    0.627520    0.009340    0.135160    0.227980
   26.55    0.623000    0.035680    0.126780    0.214540
   27.04    0.622720    0.065880    0.116540    0.194860
   27.54    0.624680    0.109340    0.100240    0.165740
   28.03    0.625660    0.158040    0.080360    0.135940
   28.52    0.621060    0.210700    0.064400    0.103840
   29.00    0.618200    0.260640    0.044580    0.076580
   29.50    0.617940    0.302680    0.029920    0.049460
   30.00    0.619360    0.330440    0.018860    0.031340
   31.00    0.619460    0.364280    0.005900    0.010360
   32.00    0.613900    0.381580    0.001700    0.002820
   33.00    0.613340    0.385920    0.000340    0.000400
   34.00    0.612380    0.387520    0.000000    0.000100
   35.00    0.614400    0.385540    0.000060    0.000000
   36.00    0.611020    0.388980    0.000000    0.000000
   37.00    0.608220    0.391780    0.000000    0.000000
   38.00    0.605780    0.394220    0.000000    0.000000
   39.00    0.606340    0.393660    0.000000    0.000000
   40.00    0.603240    0.396760    0.000000    0.000000
