    K        T1            T2           R1            R2 
    5.00    0.842660    0.000000    0.024600    0.132740
    5.61    0.816140    0.000000    0.033320    0.150540
    6.28    0.791780    0.000000    0.042140    0.166080
    7.08    0.775080    0.000000    0.052160    0.172760
    7.85    0.753520    0.000000    0.061220    0.185260
    8.68    0.733280    0.000000    0.072240    0.194480
    9.55    0.716720    0.000000    0.078440    0.204840
   10.53    0.702280    0.000000    0.088960    0.208760
   12.07    0.680520    0.000000    0.101720    0.217760
   13.24    0.658540    0.000000    0.113740    0.227720
   14.90    0.649180    0.000000    0.122960    0.227860
   16.50    0.635480    0.000000    0.132700    0.231820
   17.86    0.630120    0.000000    0.136660    0.233220
   18.79    0.622160    0.000000    0.141940    0.235900
   20.02    0.615120    0.000000    0.147340    0.237540
   21.00    0.610440    0.000000    0.150960    0.238600
   21.86    0.609780    0.000000    0.155720    0.234500
   22.48    0.604280    0.000000    0.158780    0.236940
   23.28    0.601680    0.000020    0.160260    0.238040
   24.08    0.599460    0.000080    0.162500    0.237960
   24.94    0.592860    0.001260    0.163720    0.242160
   25.81    0.587900    0.010840    0.165820    0.235440
   26.55    0.587040    0.038000    0.154680    0.220280
   27.04    0.586780    0.070780    0.142300    0.200140
   27.54    0.588000    0.117740    0.121460    0.172800
   28.03    0.580800    0.175380    0.102200    0.141620
   28.52    0.582560    0.233540    0.076860    0.107040
   29.00    0.581080    0.287640    0.054820    0.076460
   29.50    0.581780    0.328080    0.037640    0.052500
   30.00    0.576900    0.367360    0.023380    0.032360
   31.00    0.578400    0.403660    0.007360    0.010580
   32.00    0.567740    0.428100    0.001780    0.002380
   33.00    0.570600    0.428460    0.000380    0.000560
   34.00    0.571500    0.428340    0.000080    0.000080
   35.00    0.564620    0.435380    0.000000    0.000000
   36.00    0.570540    0.429460    0.000000    0.000000
   37.00    0.562880    0.437120    0.000000    0.000000
   38.00    0.560460    0.439540    0.000000    0.000000
   39.00    0.560040    0.439960    0.000000    0.000000
   40.00    0.559720    0.440280    0.000000    0.000000
