    K        T1            T2           R1            R2 
    5.00    0.845620    0.000000    0.020080    0.134300
    5.61    0.819020    0.000000    0.033460    0.147520
    6.28    0.791380    0.000000    0.043600    0.165020
    7.08    0.764580    0.000000    0.054820    0.180600
    7.85    0.741920    0.000000    0.066000    0.192080
    8.68    0.722460    0.000000    0.074400    0.203140
    9.55    0.702580    0.000000    0.085780    0.211640
   10.53    0.688560    0.000000    0.095680    0.215760
   12.07    0.666700    0.000000    0.109820    0.223480
   13.24    0.650180    0.000000    0.121080    0.228740
   14.90    0.636360    0.000000    0.131540    0.232100
   16.50    0.618120    0.000000    0.143160    0.238720
   17.86    0.615480    0.000000    0.145560    0.238960
   18.79    0.610840    0.000000    0.149740    0.239420
   20.02    0.601120    0.000000    0.157880    0.241000
   21.00    0.600320    0.000000    0.160540    0.239140
   21.86    0.595160    0.000000    0.166320    0.238520
   22.48    0.590660    0.000000    0.170720    0.238620
   23.28    0.587960    0.000000    0.167420    0.244620
   24.08    0.587560    0.000120    0.172720    0.239600
   24.94    0.580860    0.001460    0.175420    0.242260
   25.81    0.579560    0.011060    0.174040    0.235340
   26.55    0.580080    0.040000    0.158620    0.221300
   27.04    0.578600    0.072620    0.148660    0.200120
   27.54    0.572460    0.123620    0.127420    0.176500
   28.03    0.572480    0.177860    0.104220    0.145440
   28.52    0.571060    0.236960    0.082980    0.109000
   29.00    0.573220    0.291280    0.057820    0.077680
   29.50    0.572380    0.336640    0.038320    0.052660
   30.00    0.569620    0.373900    0.023060    0.033420
   31.00    0.570280    0.411980    0.007020    0.010720
   32.00    0.565640    0.429820    0.001820    0.002720
   33.00    0.560800    0.438220    0.000440    0.000540
   34.00    0.560740    0.439040    0.000080    0.000140
   35.00    0.561500    0.438460    0.000000    0.000040
   36.00    0.559760    0.440220    0.000000    0.000020
   37.00    0.557720    0.442280    0.000000    0.000000
   38.00    0.555820    0.444180    0.000000    0.000000
   39.00    0.556040    0.443960    0.000000    0.000000
   40.00    0.551200    0.448800    0.000000    0.000000
