    K        T1            T2           R1            R2 
   10.23    0.487400    0.207980    0.165180    0.139440
   11.20    0.572900    0.106360    0.153040    0.167700
   11.68    0.348560    0.324300    0.157300    0.169840
   12.40    0.551720    0.111860    0.086280    0.250140
   12.90    0.364360    0.292400    0.211420    0.131820
   13.78    0.544380    0.099940    0.079480    0.276200
   14.57    0.317020    0.320560    0.135960    0.226460
   15.80    0.271920    0.356220    0.203840    0.168020
   16.31    0.535320    0.094760    0.041460    0.328460
   16.89    0.294860    0.324240    0.206480    0.174420
   17.62    0.520520    0.099520    0.053440    0.326520
   18.16    0.344540    0.271700    0.149060    0.234700
   19.93    0.241360    0.365000    0.234660    0.158980
   20.33    0.472540    0.131840    0.111420    0.284200
   21.22    0.221820    0.376040    0.136760    0.265380
   22.10    0.528400    0.061860    0.139620    0.270120
   23.06    0.301100    0.287720    0.139660    0.271520
   23.45    0.520360    0.069460    0.138680    0.271500
   24.03    0.341880    0.244760    0.142440    0.270920
   24.68    0.324800    0.260320    0.141620    0.273260
   25.04    0.520020    0.065820    0.140500    0.273660
   25.73    0.283880    0.297140    0.139080    0.279900
   26.09    0.193660    0.388100    0.140800    0.277440
   26.60    0.482980    0.096360    0.142540    0.278120
   27.40    0.301740    0.284520    0.138320    0.275420
   27.82    0.232660    0.474840    0.099060    0.193440
   27.86    0.251860    0.485000    0.090080    0.173060
   28.10    0.448840    0.440520    0.037100    0.073540
   27.95    0.318440    0.478740    0.068720    0.134100
   28.12    0.470500    0.428500    0.033260    0.067740
   28.14    0.483460    0.426040    0.029520    0.060980
   28.28    0.585080    0.376920    0.012760    0.025240
   28.31    0.605760    0.364560    0.009560    0.020120
   28.53    0.680900    0.315080    0.001260    0.002760
   28.61    0.682900    0.315440    0.000640    0.001020
   28.86    0.639220    0.360700    0.000040    0.000040
   28.97    0.586760    0.413240    0.000000    0.000000
   29.22    0.415980    0.584020    0.000000    0.000000
   29.33    0.346060    0.653940    0.000000    0.000000
   29.65    0.325120    0.674880    0.000000    0.000000
   29.80    0.405480    0.594520    0.000000    0.000000
   30.09    0.590120    0.409880    0.000000    0.000000
   30.27    0.663400    0.336600    0.000000    0.000000
   30.60    0.674700    0.325300    0.000000    0.000000
   30.81    0.602420    0.397580    0.000000    0.000000
   31.17    0.369780    0.630220    0.000000    0.000000
   31.39    0.288360    0.711640    0.000000    0.000000
   31.82    0.467680    0.532320    0.000000    0.000000
   32.08    0.618000    0.382000    0.000000    0.000000
   32.51    0.687460    0.312540    0.000000    0.000000
   32.80    0.604780    0.395220    0.000000    0.000000
   33.27    0.309800    0.690200    0.000000    0.000000
   33.57    0.300940    0.699060    0.000000    0.000000
   34.11    0.612980    0.387020    0.000000    0.000000
   34.47    0.687740    0.312260    0.000000    0.000000
   35.01    0.558720    0.441280    0.000000    0.000000
   35.41    0.300980    0.699020    0.000000    0.000000
   35.95    0.407980    0.592020    0.000000    0.000000
   36.03    0.461000    0.539000    0.000000    0.000000
   36.46    0.663280    0.336720    0.000000    0.000000
   36.96    0.669980    0.330020    0.000000    0.000000
   37.08    0.644280    0.355720    0.000000    0.000000
   37.22    0.589680    0.410320    0.000000    0.000000
   37.41    0.467880    0.532120    0.000000    0.000000
   37.55    0.374160    0.625840    0.000000    0.000000
   37.78    0.264220    0.735780    0.000000    0.000000
   38.16    0.342040    0.657960    0.000000    0.000000
   38.27    0.408100    0.591900    0.000000    0.000000
   38.38    0.474840    0.525160    0.000000    0.000000
   38.68    0.630500    0.369500    0.000000    0.000000
   38.78    0.661380    0.338620    0.000000    0.000000
   39.01    0.680740    0.319260    0.000000    0.000000
   39.42    0.677980    0.322020    0.000000    0.000000
   39.54    0.639800    0.360200    0.000000    0.000000
   39.68    0.562560    0.437440    0.000000    0.000000
   39.98    0.380920    0.619080    0.000000    0.000000
   40.08    0.333620    0.666380    0.000000    0.000000
   40.34    0.237740    0.762260    0.000000    0.000000
   40.80    0.439200    0.560800    0.000000    0.000000
   40.95    0.532740    0.467260    0.000000    0.000000
   41.05    0.573580    0.426420    0.000000    0.000000
   41.43    0.665780    0.334220    0.000000    0.000000
   41.60    0.718320    0.281680    0.000000    0.000000
   41.83    0.699380    0.300620    0.000000    0.000000
   42.32    0.563700    0.436300    0.000000    0.000000
   42.47    0.517860    0.482140    0.000000    0.000000
   42.61    0.422280    0.577720    0.000000    0.000000
   43.02    0.179460    0.820540    0.000000    0.000000
   43.20    0.254380    0.745620    0.000000    0.000000
   43.38    0.390240    0.609760    0.000000    0.000000
   43.46    0.447120    0.552880    0.000000    0.000000
   44.02    0.588960    0.411040    0.000000    0.000000
   44.17    0.658600    0.341400    0.000000    0.000000
   44.31    0.725240    0.274760    0.000000    0.000000
   44.80    0.644580    0.355420    0.000000    0.000000
   44.97    0.565280    0.434720    0.000000    0.000000
   45.19    0.515740    0.484260    0.000000    0.000000
   45.80    0.257040    0.742960    0.000000    0.000000
   45.98    0.163140    0.836860    0.000000    0.000000
   46.16    0.170580    0.829420    0.000000    0.000000
   46.68    0.641700    0.358300    0.000000    0.000000
   46.89    0.713060    0.286940    0.000000    0.000000
   47.19    0.619440    0.380560    0.000000    0.000000
   47.86    0.738840    0.261160    0.000000    0.000000
   48.01    0.776340    0.223660    0.000000    0.000000
   48.19    0.706860    0.293140    0.000000    0.000000
   48.78    0.171200    0.828800    0.000000    0.000000
   49.02    0.149420    0.850580    0.000000    0.000000
   49.28    0.302680    0.697320    0.000000    0.000000
   49.44    0.422840    0.577160    0.000000    0.000000
   50.00    0.515680    0.484320    0.000000    0.000000
