    K        T1            T2           R1            R2 
   10.23    0.657760    0.039180    0.124180    0.178880
   11.20    0.520680    0.161600    0.168900    0.148820
   11.68    0.410980    0.267480    0.036780    0.284760
   12.40    0.220680    0.442680    0.023460    0.313180
   12.90    0.131300    0.526120    0.158600    0.183980
   13.78    0.131680    0.512960    0.205720    0.149640
   14.57    0.328980    0.314260    0.011800    0.344960
   15.80    0.610140    0.024460    0.273920    0.091480
   16.31    0.620080    0.004280    0.254140    0.121500
   16.89    0.614360    0.004260    0.044460    0.336920
   17.62    0.579400    0.039740    0.015440    0.365420
   18.16    0.499580    0.114760    0.166460    0.219200
   19.93    0.058460    0.542280    0.006820    0.392440
   20.33    0.063560    0.539800    0.035780    0.360860
   21.22    0.235440    0.361620    0.241760    0.161180
   22.10    0.400520    0.192760    0.128080    0.278640
   23.06    0.364940    0.227040    0.119200    0.288820
   23.45    0.265300    0.325500    0.156600    0.252600
   24.03    0.091800    0.493560    0.150520    0.264120
   24.68    0.226180    0.352960    0.142460    0.278400
   25.04    0.454980    0.129200    0.140780    0.275040
   25.73    0.388940    0.188260    0.144560    0.278240
   26.09    0.284740    0.293460    0.142280    0.279520
   26.60    0.399780    0.176920    0.142060    0.281240
   27.40    0.371080    0.213420    0.142380    0.273120
   27.82    0.410380    0.301900    0.095480    0.192240
   27.86    0.413320    0.322120    0.088220    0.176340
   28.10    0.464560    0.423400    0.037480    0.074560
   27.95    0.434920    0.361240    0.068600    0.135240
   28.12    0.468900    0.430780    0.032760    0.067560
   28.14    0.477000    0.433920    0.029960    0.059120
   28.28    0.494860    0.468520    0.012600    0.024020
   28.31    0.496320    0.474420    0.009600    0.019660
   28.53    0.506060    0.490120    0.001400    0.002420
   28.61    0.508740    0.489760    0.000440    0.001060
   28.86    0.511760    0.488180    0.000020    0.000040
   28.97    0.511720    0.488280    0.000000    0.000000
   29.22    0.507540    0.492460    0.000000    0.000000
   29.33    0.508020    0.491980    0.000000    0.000000
   29.65    0.510740    0.489260    0.000000    0.000000
   29.80    0.511420    0.488580    0.000000    0.000000
   30.09    0.512500    0.487500    0.000000    0.000000
   30.27    0.514500    0.485500    0.000000    0.000000
   30.60    0.504960    0.495040    0.000000    0.000000
   30.81    0.519540    0.480460    0.000000    0.000000
   31.17    0.502200    0.497800    0.000000    0.000000
   31.39    0.531680    0.468320    0.000000    0.000000
   31.82    0.489180    0.510820    0.000000    0.000000
   32.08    0.544540    0.455460    0.000000    0.000000
   32.51    0.472860    0.527140    0.000000    0.000000
   32.80    0.561980    0.438020    0.000000    0.000000
   33.27    0.451580    0.548420    0.000000    0.000000
   33.57    0.589700    0.410300    0.000000    0.000000
   34.11    0.431300    0.568700    0.000000    0.000000
   34.47    0.615460    0.384540    0.000000    0.000000
   35.01    0.403060    0.596940    0.000000    0.000000
   35.41    0.646940    0.353060    0.000000    0.000000
   35.95    0.356360    0.643640    0.000000    0.000000
   36.03    0.391420    0.608580    0.000000    0.000000
   36.46    0.674320    0.325680    0.000000    0.000000
   36.96    0.319120    0.680880    0.000000    0.000000
   37.08    0.343880    0.656120    0.000000    0.000000
   37.22    0.456640    0.543360    0.000000    0.000000
   37.41    0.645980    0.354020    0.000000    0.000000
   37.55    0.707800    0.292200    0.000000    0.000000
   37.78    0.589900    0.410100    0.000000    0.000000
   38.16    0.291560    0.708440    0.000000    0.000000
   38.27    0.315540    0.684460    0.000000    0.000000
   38.38    0.407220    0.592780    0.000000    0.000000
   38.68    0.707920    0.292080    0.000000    0.000000
   38.78    0.738000    0.262000    0.000000    0.000000
   39.01    0.612400    0.387600    0.000000    0.000000
   39.42    0.258400    0.741600    0.000000    0.000000
   39.54    0.282180    0.717820    0.000000    0.000000
   39.68    0.392080    0.607920    0.000000    0.000000
   39.98    0.710920    0.289080    0.000000    0.000000
   40.08    0.763700    0.236300    0.000000    0.000000
   40.34    0.656920    0.343080    0.000000    0.000000
   40.80    0.233120    0.766880    0.000000    0.000000
   40.95    0.252520    0.747480    0.000000    0.000000
   41.05    0.327540    0.672460    0.000000    0.000000
   41.43    0.733020    0.266980    0.000000    0.000000
   41.60    0.797820    0.202180    0.000000    0.000000
   41.83    0.673780    0.326220    0.000000    0.000000
   42.32    0.204160    0.795840    0.000000    0.000000
   42.47    0.218920    0.781080    0.000000    0.000000
   42.61    0.316220    0.683780    0.000000    0.000000
   43.02    0.759540    0.240460    0.000000    0.000000
   43.20    0.825200    0.174800    0.000000    0.000000
   43.38    0.752540    0.247460    0.000000    0.000000
   43.46    0.680280    0.319720    0.000000    0.000000
   44.02    0.175240    0.824760    0.000000    0.000000
   44.17    0.202060    0.797940    0.000000    0.000000
   44.31    0.304140    0.695860    0.000000    0.000000
   44.80    0.803580    0.196420    0.000000    0.000000
   44.97    0.849960    0.150040    0.000000    0.000000
   45.19    0.740820    0.259180    0.000000    0.000000
   45.80    0.167560    0.832440    0.000000    0.000000
   45.98    0.159520    0.840480    0.000000    0.000000
   46.16    0.267940    0.732060    0.000000    0.000000
   46.68    0.799400    0.200600    0.000000    0.000000
   46.89    0.873400    0.126600    0.000000    0.000000
   47.19    0.716480    0.283520    0.000000    0.000000
   47.86    0.135040    0.864960    0.000000    0.000000
   48.01    0.136520    0.863480    0.000000    0.000000
   48.19    0.241440    0.758560    0.000000    0.000000
   48.78    0.810360    0.189640    0.000000    0.000000
   49.02    0.890180    0.109820    0.000000    0.000000
   49.28    0.789720    0.210280    0.000000    0.000000
   49.44    0.647220    0.352780    0.000000    0.000000
   50.00    0.142480    0.857520    0.000000    0.000000
