    K        T1            T2           R1            R2 
   10.23    0.525320    0.197440    0.075080    0.202160
   11.20    0.511280    0.203400    0.081200    0.204120
   11.68    0.500580    0.207940    0.084940    0.206540
   12.40    0.490840    0.210100    0.088860    0.210200
   12.90    0.489000    0.211100    0.092760    0.207140
   13.78    0.469860    0.218840    0.097520    0.213780
   14.57    0.468160    0.218620    0.100600    0.212620
   15.80    0.452620    0.222120    0.105980    0.219280
   16.31    0.450820    0.221760    0.110080    0.217340
   16.89    0.442780    0.223720    0.112540    0.220960
   17.62    0.438060    0.226000    0.112580    0.223360
   18.16    0.430100    0.228880    0.118980    0.222040
   19.93    0.423220    0.233660    0.119340    0.223780
   20.33    0.419220    0.228480    0.122620    0.229680
   21.22    0.417700    0.228520    0.128160    0.225620
   22.10    0.409220    0.234820    0.129860    0.226100
   23.06    0.404780    0.234660    0.132460    0.228100
   23.45    0.402660    0.236460    0.134380    0.226500
   24.03    0.404240    0.234440    0.132380    0.228940
   24.68    0.398540    0.237420    0.137300    0.226740
   25.04    0.394820    0.238800    0.136980    0.229400
   25.73    0.396360    0.236160    0.139240    0.228240
   26.09    0.393460    0.239540    0.139120    0.227880
   26.60    0.393680    0.240760    0.139100    0.226460
   27.40    0.391140    0.242240    0.138940    0.227680
   27.82    0.435120    0.311060    0.095840    0.157980
   27.86    0.446260    0.325000    0.086760    0.141980
   28.10    0.491620    0.413000    0.037000    0.058380
   27.95    0.459840    0.357180    0.070800    0.112180
   28.12    0.498340    0.416080    0.032360    0.053220
   28.14    0.502020    0.420580    0.029160    0.048240
   28.28    0.515520    0.451640    0.012200    0.020640
   28.31    0.522560    0.450760    0.010620    0.016060
   28.53    0.529240    0.467700    0.001180    0.001880
   28.61    0.531420    0.467240    0.000520    0.000820
   28.86    0.531760    0.468200    0.000020    0.000020
   28.97    0.531620    0.468380    0.000000    0.000000
   29.22    0.525680    0.474320    0.000000    0.000000
   29.33    0.529600    0.470400    0.000000    0.000000
   29.65    0.527900    0.472100    0.000000    0.000000
   29.80    0.525380    0.474620    0.000000    0.000000
   30.09    0.530820    0.469180    0.000000    0.000000
   30.27    0.528120    0.471880    0.000000    0.000000
   30.60    0.527020    0.472980    0.000000    0.000000
   30.81    0.523400    0.476600    0.000000    0.000000
   31.17    0.525500    0.474500    0.000000    0.000000
   31.39    0.525480    0.474520    0.000000    0.000000
   31.82    0.523640    0.476360    0.000000    0.000000
   32.08    0.522200    0.477800    0.000000    0.000000
   32.51    0.526400    0.473600    0.000000    0.000000
   32.80    0.524280    0.475720    0.000000    0.000000
   33.27    0.525960    0.474040    0.000000    0.000000
   33.57    0.520920    0.479080    0.000000    0.000000
   34.11    0.525080    0.474920    0.000000    0.000000
   34.47    0.522320    0.477680    0.000000    0.000000
   35.01    0.524980    0.475020    0.000000    0.000000
   35.41    0.518760    0.481240    0.000000    0.000000
   35.95    0.522840    0.477160    0.000000    0.000000
   36.03    0.516460    0.483540    0.000000    0.000000
   36.46    0.520180    0.479820    0.000000    0.000000
   36.96    0.519840    0.480160    0.000000    0.000000
   37.08    0.518440    0.481560    0.000000    0.000000
   37.22    0.519960    0.480040    0.000000    0.000000
   37.41    0.526380    0.473620    0.000000    0.000000
   37.55    0.517240    0.482760    0.000000    0.000000
   37.78    0.514920    0.485080    0.000000    0.000000
   38.16    0.522380    0.477620    0.000000    0.000000
   38.27    0.518260    0.481740    0.000000    0.000000
   38.38    0.515520    0.484480    0.000000    0.000000
   38.68    0.520280    0.479720    0.000000    0.000000
   38.78    0.519020    0.480980    0.000000    0.000000
   39.01    0.517540    0.482460    0.000000    0.000000
   39.42    0.518420    0.481580    0.000000    0.000000
   39.54    0.519020    0.480980    0.000000    0.000000
   39.68    0.517260    0.482740    0.000000    0.000000
   39.98    0.517820    0.482180    0.000000    0.000000
   40.08    0.517100    0.482900    0.000000    0.000000
   40.34    0.521080    0.478920    0.000000    0.000000
   40.80    0.518100    0.481900    0.000000    0.000000
   40.95    0.519100    0.480900    0.000000    0.000000
   41.05    0.520720    0.479280    0.000000    0.000000
   41.43    0.517860    0.482140    0.000000    0.000000
   41.60    0.515500    0.484500    0.000000    0.000000
   41.83    0.517820    0.482180    0.000000    0.000000
   42.32    0.520160    0.479840    0.000000    0.000000
   42.47    0.517280    0.482720    0.000000    0.000000
   42.61    0.514140    0.485860    0.000000    0.000000
   43.02    0.516620    0.483380    0.000000    0.000000
   43.20    0.516200    0.483800    0.000000    0.000000
   43.38    0.517040    0.482960    0.000000    0.000000
   43.46    0.517700    0.482300    0.000000    0.000000
   44.02    0.518000    0.482000    0.000000    0.000000
   44.17    0.515700    0.484300    0.000000    0.000000
   44.31    0.519560    0.480440    0.000000    0.000000
   44.80    0.515640    0.484360    0.000000    0.000000
   44.97    0.515760    0.484240    0.000000    0.000000
   45.19    0.518520    0.481480    0.000000    0.000000
   45.80    0.514160    0.485840    0.000000    0.000000
   45.98    0.515400    0.484600    0.000000    0.000000
   46.16    0.512620    0.487380    0.000000    0.000000
   46.68    0.512640    0.487360    0.000000    0.000000
   46.89    0.516380    0.483620    0.000000    0.000000
   47.19    0.517060    0.482940    0.000000    0.000000
   47.86    0.510120    0.489880    0.000000    0.000000
   48.01    0.509320    0.490680    0.000000    0.000000
   48.19    0.516160    0.483840    0.000000    0.000000
   48.78    0.514160    0.485840    0.000000    0.000000
   49.02    0.512100    0.487900    0.000000    0.000000
   49.28    0.511000    0.489000    0.000000    0.000000
   49.44    0.511380    0.488620    0.000000    0.000000
   50.00    0.514960    0.485040    0.000000    0.000000
