    K        T1            T2           R1            R2 
   10.23    0.495940    0.206840    0.089820    0.207400
   11.20    0.484800    0.208100    0.095320    0.211780
   11.68    0.477100    0.214940    0.094020    0.213940
   12.40    0.466460    0.218420    0.098820    0.216300
   12.90    0.460600    0.216820    0.103600    0.218980
   13.78    0.453080    0.219160    0.106580    0.221180
   14.57    0.442380    0.224080    0.112340    0.221200
   15.80    0.433940    0.224480    0.116000    0.225580
   16.31    0.429680    0.226820    0.118420    0.225080
   16.89    0.424100    0.224460    0.120700    0.230740
   17.62    0.421400    0.229340    0.123340    0.225920
   18.16    0.421460    0.229520    0.121440    0.227580
   19.93    0.415100    0.230760    0.123680    0.230460
   20.33    0.409560    0.230820    0.128240    0.231380
   21.22    0.408160    0.230660    0.129440    0.231740
   22.10    0.404680    0.232880    0.133640    0.228800
   23.06    0.397220    0.235940    0.134340    0.232500
   23.45    0.399140    0.233000    0.137600    0.230260
   24.03    0.398540    0.234500    0.132800    0.234160
   24.68    0.393800    0.235260    0.137700    0.233240
   25.04    0.396000    0.232840    0.139020    0.232140
   25.73    0.393500    0.236760    0.137980    0.231760
   26.09    0.391220    0.236360    0.140820    0.231600
   26.60    0.387580    0.236620    0.141540    0.234260
   27.40    0.392420    0.236420    0.140100    0.231060
   27.82    0.431740    0.310420    0.096280    0.161560
   27.86    0.443500    0.320460    0.089480    0.146560
   28.10    0.496380    0.406300    0.036780    0.060540
   27.95    0.461200    0.358760    0.066980    0.113060
   28.12    0.498060    0.415200    0.033120    0.053620
   28.14    0.502260    0.419040    0.030500    0.048200
   28.28    0.519780    0.448880    0.011520    0.019820
   28.31    0.517280    0.456480    0.009520    0.016720
   28.53    0.531000    0.465660    0.001280    0.002060
   28.61    0.528260    0.470100    0.000700    0.000940
   28.86    0.528620    0.471380    0.000000    0.000000
   28.97    0.531740    0.468240    0.000020    0.000000
   29.22    0.529540    0.470460    0.000000    0.000000
   29.33    0.529940    0.470060    0.000000    0.000000
   29.65    0.527640    0.472360    0.000000    0.000000
   29.80    0.524500    0.475500    0.000000    0.000000
   30.09    0.524440    0.475560    0.000000    0.000000
   30.27    0.524300    0.475700    0.000000    0.000000
   30.60    0.526680    0.473320    0.000000    0.000000
   30.81    0.528520    0.471480    0.000000    0.000000
   31.17    0.524560    0.475440    0.000000    0.000000
   31.39    0.530080    0.469920    0.000000    0.000000
   31.82    0.521780    0.478220    0.000000    0.000000
   32.08    0.524360    0.475640    0.000000    0.000000
   32.51    0.525380    0.474620    0.000000    0.000000
   32.80    0.527540    0.472460    0.000000    0.000000
   33.27    0.527580    0.472420    0.000000    0.000000
   33.57    0.529620    0.470380    0.000000    0.000000
   34.11    0.523120    0.476880    0.000000    0.000000
   34.47    0.524360    0.475640    0.000000    0.000000
   35.01    0.525360    0.474640    0.000000    0.000000
   35.41    0.523700    0.476300    0.000000    0.000000
   35.95    0.519440    0.480560    0.000000    0.000000
   36.03    0.519940    0.480060    0.000000    0.000000
   36.46    0.521920    0.478080    0.000000    0.000000
   36.96    0.522320    0.477680    0.000000    0.000000
   37.08    0.525280    0.474720    0.000000    0.000000
   37.22    0.524920    0.475080    0.000000    0.000000
   37.41    0.523060    0.476940    0.000000    0.000000
   37.55    0.522220    0.477780    0.000000    0.000000
   37.78    0.524680    0.475320    0.000000    0.000000
   38.16    0.521420    0.478580    0.000000    0.000000
   38.27    0.523560    0.476440    0.000000    0.000000
   38.38    0.523100    0.476900    0.000000    0.000000
   38.68    0.527280    0.472720    0.000000    0.000000
   38.78    0.523960    0.476040    0.000000    0.000000
   39.01    0.523240    0.476760    0.000000    0.000000
   39.42    0.523020    0.476980    0.000000    0.000000
   39.54    0.521200    0.478800    0.000000    0.000000
   39.68    0.519620    0.480380    0.000000    0.000000
   39.98    0.523440    0.476560    0.000000    0.000000
   40.08    0.519880    0.480120    0.000000    0.000000
   40.34    0.518960    0.481040    0.000000    0.000000
   40.80    0.518700    0.481300    0.000000    0.000000
   40.95    0.522540    0.477460    0.000000    0.000000
   41.05    0.518900    0.481100    0.000000    0.000000
   41.43    0.517740    0.482260    0.000000    0.000000
   41.60    0.518380    0.481620    0.000000    0.000000
   41.83    0.523320    0.476680    0.000000    0.000000
   42.32    0.521400    0.478600    0.000000    0.000000
   42.47    0.515960    0.484040    0.000000    0.000000
   42.61    0.518620    0.481380    0.000000    0.000000
   43.02    0.523160    0.476840    0.000000    0.000000
   43.20    0.516680    0.483320    0.000000    0.000000
   43.38    0.519480    0.480520    0.000000    0.000000
   43.46    0.521700    0.478300    0.000000    0.000000
   44.02    0.520940    0.479060    0.000000    0.000000
   44.17    0.517400    0.482600    0.000000    0.000000
   44.31    0.520320    0.479680    0.000000    0.000000
   44.80    0.520880    0.479120    0.000000    0.000000
   44.97    0.520360    0.479640    0.000000    0.000000
   45.19    0.520380    0.479620    0.000000    0.000000
   45.80    0.520440    0.479560    0.000000    0.000000
   45.98    0.516140    0.483860    0.000000    0.000000
   46.16    0.516440    0.483560    0.000000    0.000000
   46.68    0.520140    0.479860    0.000000    0.000000
   46.89    0.517560    0.482440    0.000000    0.000000
   47.19    0.515540    0.484460    0.000000    0.000000
   47.86    0.511980    0.488020    0.000000    0.000000
   48.01    0.513240    0.486760    0.000000    0.000000
   48.19    0.518240    0.481760    0.000000    0.000000
   48.78    0.517600    0.482400    0.000000    0.000000
   49.02    0.516680    0.483320    0.000000    0.000000
   49.28    0.519580    0.480420    0.000000    0.000000
   49.44    0.514640    0.485360    0.000000    0.000000
   50.00    0.517460    0.482540    0.000000    0.000000
