    K        T1            T2           R1            R2 
   10.23    0.486160    0.214020    0.090420    0.209400
   11.20    0.463240    0.215720    0.102360    0.218680
   11.68    0.452240    0.217200    0.106860    0.223700
   12.40    0.438720    0.223180    0.113940    0.224160
   12.90    0.429280    0.226120    0.117500    0.227100
   13.78    0.421300    0.226920    0.122800    0.228980
   14.57    0.411420    0.231440    0.126100    0.231040
   15.80    0.398860    0.230700    0.135040    0.235400
   16.31    0.394080    0.233480    0.139700    0.232740
   16.89    0.388520    0.235180    0.142800    0.233500
   17.62    0.385560    0.232700    0.147840    0.233900
   18.16    0.376000    0.236860    0.149380    0.237760
   19.93    0.364800    0.240740    0.155880    0.238580
   20.33    0.360520    0.243160    0.158100    0.238220
   21.22    0.356840    0.241760    0.162000    0.239400
   22.10    0.350180    0.240920    0.164180    0.244720
   23.06    0.345280    0.243260    0.170460    0.241000
   23.45    0.344220    0.244640    0.169500    0.241640
   24.03    0.344080    0.247060    0.168980    0.239880
   24.68    0.339660    0.242880    0.176040    0.241420
   25.04    0.336940    0.244200    0.173220    0.245640
   25.73    0.334500    0.243560    0.175980    0.245960
   26.09    0.337820    0.240520    0.176880    0.244780
   26.60    0.334980    0.241860    0.178460    0.244700
   27.40    0.331740    0.249300    0.180040    0.238920
   27.82    0.382980    0.328760    0.123200    0.165060
   27.86    0.396980    0.336680    0.113300    0.153040
   28.10    0.456880    0.432200    0.046640    0.064280
   27.95    0.422000    0.371540    0.086160    0.120300
   28.12    0.467140    0.433800    0.043000    0.056060
   28.14    0.469920    0.442360    0.037100    0.050620
   28.28    0.494840    0.469520    0.015100    0.020540
   28.31    0.496200    0.474340    0.012760    0.016700
   28.53    0.509020    0.487100    0.001360    0.002520
   28.61    0.504580    0.493780    0.000720    0.000920
   28.86    0.509400    0.490600    0.000000    0.000000
   28.97    0.512280    0.487700    0.000000    0.000020
   29.22    0.512780    0.487220    0.000000    0.000000
   29.33    0.508560    0.491440    0.000000    0.000000
   29.65    0.507980    0.492020    0.000000    0.000000
   29.80    0.511820    0.488180    0.000000    0.000000
   30.09    0.513820    0.486180    0.000000    0.000000
   30.27    0.511680    0.488320    0.000000    0.000000
   30.60    0.509760    0.490240    0.000000    0.000000
   30.81    0.522100    0.477900    0.000000    0.000000
   31.17    0.496180    0.503820    0.000000    0.000000
   31.39    0.527480    0.472520    0.000000    0.000000
   31.82    0.492000    0.508000    0.000000    0.000000
   32.08    0.550480    0.449520    0.000000    0.000000
   32.51    0.472260    0.527740    0.000000    0.000000
   32.80    0.565760    0.434240    0.000000    0.000000
   33.27    0.458340    0.541660    0.000000    0.000000
   33.57    0.588280    0.411720    0.000000    0.000000
   34.11    0.435820    0.564180    0.000000    0.000000
   34.47    0.614000    0.386000    0.000000    0.000000
   35.01    0.406740    0.593260    0.000000    0.000000
   35.41    0.643560    0.356440    0.000000    0.000000
   35.95    0.353060    0.646940    0.000000    0.000000
   36.03    0.388600    0.611400    0.000000    0.000000
   36.46    0.676400    0.323600    0.000000    0.000000
   36.96    0.322440    0.677560    0.000000    0.000000
   37.08    0.343500    0.656500    0.000000    0.000000
   37.22    0.457740    0.542260    0.000000    0.000000
   37.41    0.645060    0.354940    0.000000    0.000000
   37.55    0.711460    0.288540    0.000000    0.000000
   37.78    0.583920    0.416080    0.000000    0.000000
   38.16    0.291480    0.708520    0.000000    0.000000
   38.27    0.320840    0.679160    0.000000    0.000000
   38.38    0.410600    0.589400    0.000000    0.000000
   38.68    0.704060    0.295940    0.000000    0.000000
   38.78    0.736280    0.263720    0.000000    0.000000
   39.01    0.616140    0.383860    0.000000    0.000000
   39.42    0.258260    0.741740    0.000000    0.000000
   39.54    0.282940    0.717060    0.000000    0.000000
   39.68    0.396140    0.603860    0.000000    0.000000
   39.98    0.714800    0.285200    0.000000    0.000000
   40.08    0.760020    0.239980    0.000000    0.000000
   40.34    0.660660    0.339340    0.000000    0.000000
   40.80    0.233520    0.766480    0.000000    0.000000
   40.95    0.253940    0.746060    0.000000    0.000000
   41.05    0.327420    0.672580    0.000000    0.000000
   41.43    0.735160    0.264840    0.000000    0.000000
   41.60    0.796260    0.203740    0.000000    0.000000
   41.83    0.664900    0.335100    0.000000    0.000000
   42.32    0.205860    0.794140    0.000000    0.000000
   42.47    0.220240    0.779760    0.000000    0.000000
   42.61    0.321400    0.678600    0.000000    0.000000
   43.02    0.757920    0.242080    0.000000    0.000000
   43.20    0.824700    0.175300    0.000000    0.000000
   43.38    0.751460    0.248540    0.000000    0.000000
   43.46    0.677580    0.322420    0.000000    0.000000
   44.02    0.175880    0.824120    0.000000    0.000000
   44.17    0.198540    0.801460    0.000000    0.000000
   44.31    0.298980    0.701020    0.000000    0.000000
   44.80    0.805420    0.194580    0.000000    0.000000
   44.97    0.846400    0.153600    0.000000    0.000000
   45.19    0.743140    0.256860    0.000000    0.000000
   45.80    0.159380    0.840620    0.000000    0.000000
   45.98    0.161780    0.838220    0.000000    0.000000
   46.16    0.269060    0.730940    0.000000    0.000000
   46.68    0.799700    0.200300    0.000000    0.000000
   46.89    0.868900    0.131100    0.000000    0.000000
   47.19    0.720280    0.279720    0.000000    0.000000
   47.86    0.131640    0.868360    0.000000    0.000000
   48.01    0.137760    0.862240    0.000000    0.000000
   48.19    0.238220    0.761780    0.000000    0.000000
   48.78    0.809600    0.190400    0.000000    0.000000
   49.02    0.891180    0.108820    0.000000    0.000000
   49.28    0.789940    0.210060    0.000000    0.000000
   49.44    0.651460    0.348540    0.000000    0.000000
   50.00    0.140480    0.859520    0.000000    0.000000
