    K        T1            T2           R1            R2 
   10.23    0.481360    0.211240    0.093720    0.213680
   11.20    0.464860    0.214620    0.103440    0.217080
   11.68    0.447300    0.219880    0.108800    0.224020
   12.40    0.440740    0.218540    0.116840    0.223880
   12.90    0.431080    0.223120    0.117460    0.228340
   13.78    0.419240    0.228100    0.124660    0.228000
   14.57    0.408580    0.230740    0.129960    0.230720
   15.80    0.398300    0.232920    0.134880    0.233900
   16.31    0.390280    0.234820    0.141860    0.233040
   16.89    0.389280    0.230980    0.144320    0.235420
   17.62    0.376160    0.236660    0.150200    0.236980
   18.16    0.378300    0.237780    0.146520    0.237400
   19.93    0.361920    0.240580    0.158060    0.239440
   20.33    0.359660    0.240500    0.159980    0.239860
   21.22    0.355440    0.243040    0.162680    0.238840
   22.10    0.353980    0.238520    0.165660    0.241840
   23.06    0.345300    0.242040    0.167220    0.245440
   23.45    0.346740    0.243020    0.170500    0.239740
   24.03    0.340720    0.246080    0.172200    0.241000
   24.68    0.333700    0.247480    0.173600    0.245220
   25.04    0.345380    0.236700    0.175340    0.242580
   25.73    0.337300    0.240660    0.175460    0.246580
   26.09    0.333600    0.245460    0.177020    0.243920
   26.60    0.336660    0.240780    0.179780    0.242780
   27.40    0.339960    0.245800    0.173280    0.240960
   27.82    0.387300    0.321440    0.121140    0.170120
   27.86    0.395000    0.339420    0.113300    0.152280
   28.10    0.466420    0.423160    0.045800    0.064620
   27.95    0.428520    0.368320    0.086060    0.117100
   28.12    0.471160    0.430220    0.041880    0.056740
   28.14    0.477600    0.432980    0.038400    0.051020
   28.28    0.498680    0.464860    0.015080    0.021380
   28.31    0.501540    0.469200    0.012340    0.016920
   28.53    0.511560    0.484660    0.001760    0.002020
   28.61    0.514620    0.484000    0.000500    0.000880
   28.86    0.515100    0.484860    0.000040    0.000000
   28.97    0.508440    0.491520    0.000000    0.000040
   29.22    0.512360    0.487640    0.000000    0.000000
   29.33    0.512320    0.487680    0.000000    0.000000
   29.65    0.512700    0.487300    0.000000    0.000000
   29.80    0.510940    0.489060    0.000000    0.000000
   30.09    0.511260    0.488740    0.000000    0.000000
   30.27    0.511040    0.488960    0.000000    0.000000
   30.60    0.513100    0.486900    0.000000    0.000000
   30.81    0.515420    0.484580    0.000000    0.000000
   31.17    0.511860    0.488140    0.000000    0.000000
   31.39    0.518480    0.481520    0.000000    0.000000
   31.82    0.514680    0.485320    0.000000    0.000000
   32.08    0.519820    0.480180    0.000000    0.000000
   32.51    0.514460    0.485540    0.000000    0.000000
   32.80    0.522040    0.477960    0.000000    0.000000
   33.27    0.510140    0.489860    0.000000    0.000000
   33.57    0.525360    0.474640    0.000000    0.000000
   34.11    0.504060    0.495940    0.000000    0.000000
   34.47    0.525960    0.474040    0.000000    0.000000
   35.01    0.506480    0.493520    0.000000    0.000000
   35.41    0.533620    0.466380    0.000000    0.000000
   35.95    0.498960    0.501040    0.000000    0.000000
   36.03    0.503620    0.496380    0.000000    0.000000
   36.46    0.542260    0.457740    0.000000    0.000000
   36.96    0.492740    0.507260    0.000000    0.000000
   37.08    0.493200    0.506800    0.000000    0.000000
   37.22    0.508440    0.491560    0.000000    0.000000
   37.41    0.537780    0.462220    0.000000    0.000000
   37.55    0.548320    0.451680    0.000000    0.000000
   37.78    0.532160    0.467840    0.000000    0.000000
   38.16    0.482720    0.517280    0.000000    0.000000
   38.27    0.488780    0.511220    0.000000    0.000000
   38.38    0.505240    0.494760    0.000000    0.000000
   38.68    0.551540    0.448460    0.000000    0.000000
   38.78    0.554480    0.445520    0.000000    0.000000
   39.01    0.533160    0.466840    0.000000    0.000000
   39.42    0.470560    0.529440    0.000000    0.000000
   39.54    0.480760    0.519240    0.000000    0.000000
   39.68    0.500320    0.499680    0.000000    0.000000
   39.98    0.555820    0.444180    0.000000    0.000000
   40.08    0.566720    0.433280    0.000000    0.000000
   40.34    0.546020    0.453980    0.000000    0.000000
   40.80    0.462100    0.537900    0.000000    0.000000
   40.95    0.467300    0.532700    0.000000    0.000000
   41.05    0.481180    0.518820    0.000000    0.000000
   41.43    0.569140    0.430860    0.000000    0.000000
   41.60    0.582840    0.417160    0.000000    0.000000
   41.83    0.555460    0.444540    0.000000    0.000000
   42.32    0.445900    0.554100    0.000000    0.000000
   42.47    0.449040    0.550960    0.000000    0.000000
   42.61    0.476960    0.523040    0.000000    0.000000
   43.02    0.584280    0.415720    0.000000    0.000000
   43.20    0.589880    0.410120    0.000000    0.000000
   43.38    0.582160    0.417840    0.000000    0.000000
   43.46    0.561620    0.438380    0.000000    0.000000
   44.02    0.426580    0.573420    0.000000    0.000000
   44.17    0.437980    0.562020    0.000000    0.000000
   44.31    0.463580    0.536420    0.000000    0.000000
   44.80    0.599600    0.400400    0.000000    0.000000
   44.97    0.604020    0.395980    0.000000    0.000000
   45.19    0.590320    0.409680    0.000000    0.000000
   45.80    0.413060    0.586940    0.000000    0.000000
   45.98    0.409160    0.590840    0.000000    0.000000
   46.16    0.448680    0.551320    0.000000    0.000000
   46.68    0.607820    0.392180    0.000000    0.000000
   46.89    0.632420    0.367580    0.000000    0.000000
   47.19    0.589180    0.410820    0.000000    0.000000
   47.86    0.380520    0.619480    0.000000    0.000000
   48.01    0.383900    0.616100    0.000000    0.000000
   48.19    0.425020    0.574980    0.000000    0.000000
   48.78    0.627820    0.372180    0.000000    0.000000
   49.02    0.659300    0.340700    0.000000    0.000000
   49.28    0.625900    0.374100    0.000000    0.000000
   49.44    0.583260    0.416740    0.000000    0.000000
   50.00    0.368620    0.631380    0.000000    0.000000
