    K        T1            T2           R1            R2 
    5.00    0.978260    0.006560    0.007760    0.007420
    6.00    0.872140    0.041880    0.046420    0.039560
    6.40    0.790080    0.069760    0.076400    0.063760
    6.80    0.693560    0.100460    0.115240    0.090740
    7.60    0.523180    0.154140    0.177800    0.144880
    8.40    0.472300    0.161660    0.188680    0.177360
    9.50    0.505400    0.133300    0.184920    0.176380
   10.30    0.485220    0.153000    0.202680    0.159100
   10.90    0.507900    0.153880    0.199280    0.138940
   11.50    0.577380    0.142560    0.157040    0.123020
   12.00    0.666700    0.133480    0.107640    0.092180
   12.80    0.750680    0.170220    0.037040    0.042060
   13.60    0.673840    0.307500    0.007380    0.011280
   14.00    0.598000    0.394300    0.003200    0.004500
   14.40    0.537360    0.460020    0.000900    0.001720
   15.00    0.490620    0.508960    0.000140    0.000280
   15.80    0.575680    0.424320    0.000000    0.000000
   16.20    0.649900    0.350100    0.000000    0.000000
   16.80    0.768420    0.231580    0.000000    0.000000
   17.20    0.845420    0.154580    0.000000    0.000000
   17.80    0.923800    0.076200    0.000000    0.000000
   18.50    0.972700    0.027300    0.000000    0.000000
   20.00    0.995060    0.004940    0.000000    0.000000
   21.00    0.980740    0.019260    0.000000    0.000000
   22.00    0.946720    0.053280    0.000000    0.000000
   23.00    0.883700    0.116300    0.000000    0.000000
   24.00    0.792640    0.207360    0.000000    0.000000
   25.00    0.696740    0.303260    0.000000    0.000000
   26.00    0.600940    0.399060    0.000000    0.000000
   27.00    0.526040    0.473960    0.000000    0.000000
   28.00    0.473560    0.526440    0.000000    0.000000
   29.00    0.455280    0.544720    0.000000    0.000000
   30.00    0.455960    0.544040    0.000000    0.000000
