# K        T1            T2           R1            R2 
 5.00       0.972539       0.004501       0.016485       0.006475
 6.00       0.905999       0.021481       0.040213       0.032307
 6.40       0.855593       0.032547       0.059649       0.052211
 6.80       0.800327       0.047093       0.077677       0.074903
 7.60       0.707167       0.078493       0.096176       0.118164
 8.40       0.659641       0.109219       0.083521       0.147619
 9.50       0.626684       0.139556       0.068234       0.165526
10.30       0.609922       0.147018       0.073233       0.169827
10.90       0.625160       0.143140       0.076784       0.154916
11.50       0.674598       0.133342       0.068867       0.123193
12.00       0.727691       0.130649       0.052134       0.089526
12.80       0.766290       0.172710       0.023313       0.037687
13.60       0.677782       0.307738       0.005860       0.008620
14.00       0.603181       0.390279       0.002631       0.003909
14.40       0.536672       0.461308       0.000939       0.001081
15.00       0.493272       0.506388       0.000100       0.000240
15.80       0.574034       0.425966       0.000000       0.000000
16.20       0.649705       0.350295       0.000000       0.000000
16.80       0.773508       0.226492       0.000000       0.000000
17.20       0.844122       0.155878       0.000000       0.000000
17.80       0.923548       0.076452       0.000000       0.000000
18.50       0.972082       0.027918       0.000000       0.000000
20.00       0.994648       0.005352       0.000000       0.000000
21.00       0.981624       0.018376       0.000000       0.000000
22.00       0.945920       0.054080       0.000000       0.000000
23.00       0.881194       0.118805       0.000000       0.000000
24.00       0.793834       0.206165       0.000000       0.000000
25.00       0.695074       0.304926       0.000000       0.000000
26.00       0.600867       0.399133       0.000000       0.000000
27.00       0.524539       0.475461       0.000000       0.000000
28.00       0.474833       0.525166       0.000000       0.000000
29.00       0.452827       0.547171       0.000000       0.000000
30.00       0.458562       0.541435       0.000000       0.000000
