    K        T1            T2           R1            R2         Timeuse/Naver      
    5.0     0.962440      0.005556      0.024776      0.007107        0.999879   
    6.0     0.895345      0.025795      0.043809      0.034712        0.999661   
    6.4     0.843166      0.039458      0.063477      0.053531        0.999632   
    6.8     0.785892      0.055270      0.083831      0.074696        0.999689   
    7.6     0.692199      0.088558      0.105416      0.113653        0.999826   
    8.4     0.651511      0.118558      0.091534      0.138324        0.999927   
    9.5     0.626063      0.148547      0.070254      0.155089        0.999953   
    10.3     0.605100      0.157053      0.079482      0.158333        0.999968   
    10.9     0.613528      0.151268      0.085712      0.149475      5833m0.948s         
    11.5     0.660274      0.136793      0.077379      0.125548      5807m25.389s         
    12.0     0.715907      0.129213      0.059202      0.095676      5918m40.791s         
    12.8     0.759451      0.168334      0.026349      0.045866      1912m4.420s         
    13.6     0.676488      0.301703      0.007329      0.014479      1097m37.993s         
    14.0     0.604322      0.385470      0.003291      0.006916      725m1.215s         
    14.4     0.539200      0.456475      0.001352      0.002971      522m13.487s         
    15.0     0.496808      0.502182      0.000317      0.000692      343m14.083s         
    15.8     0.572693      0.427195      0.000041      0.000071      197m50.301s         
    16.2     0.649173      0.350792      0.000014      0.000020      216m4.923s         
    16.8     0.772343      0.227651      0.000003      0.000002      192m44.336s         
    17.2     0.843865      0.156132      0.000001      0.000000      187m6.766s         
    17.8     0.922366      0.077633      0.000000      0.000000      177m44.209s         
    18.5     0.971993      0.028006      0.000000      0.000000      171m59.007s         
    20.0     0.994586      0.005413      0.000000      0.000000      156m51.383s         
    21.0     0.981606      0.018393      0.000000      0.000000      145m41.584s         
    22.0     0.945745      0.054254      0.000000      0.000000      134m13.684s         
    23.0     0.881775      0.118224      0.000000      0.000000      125m36.214s         
    24.0     0.794053      0.205946      0.000000      0.000000      118m32.513s         
    25.0     0.695478      0.304521      0.000000      0.000000      58m30.843s         
    26.0     0.601595      0.398404      0.000000      0.000000      52m9.021s         
    27.0     0.525470      0.474529      0.000000      0.000000      52m35.571s         
    28.0     0.475174      0.524825      0.000000      0.000000      48m56.135s         
    29.0     0.453507      0.546491      0.000000      0.000000      46m46.353s         
    30.0     0.459028      0.540971      0.000000      0.000000      47m36.553s         
