    K        T1            T2           R1            R2 
    5.00    0.982240    0.004240    0.007480    0.006040
    6.00    0.913160    0.022740    0.033440    0.030660
    6.40    0.866300    0.037440    0.047780    0.048480
    6.80    0.817620    0.049800    0.063980    0.068600
    7.60    0.724240    0.084340    0.081360    0.110060
    8.40    0.669220    0.111260    0.081980    0.137540
    9.50    0.620240    0.138300    0.081180    0.160280
   10.30    0.577140    0.157280    0.099540    0.166040
   10.90    0.544800    0.194040    0.103460    0.157700
   11.50    0.519640    0.259100    0.094660    0.126600
   12.00    0.500200    0.337720    0.071240    0.090840
   12.80    0.486560    0.443280    0.032120    0.038040
   13.60    0.473840    0.510100    0.007380    0.008680
   14.00    0.465760    0.526600    0.003320    0.004320
   14.40    0.467240    0.530300    0.001000    0.001460
   15.00    0.456780    0.543020    0.000100    0.000100
   15.80    0.455600    0.544400    0.000000    0.000000
   16.20    0.460040    0.539960    0.000000    0.000000
   16.80    0.457580    0.542420    0.000000    0.000000
   17.20    0.457560    0.542440    0.000000    0.000000
   17.80    0.457440    0.542560    0.000000    0.000000
   18.50    0.468820    0.531180    0.000000    0.000000
   20.00    0.476540    0.523460    0.000000    0.000000
   21.00    0.478940    0.521060    0.000000    0.000000
   22.00    0.475620    0.524380    0.000000    0.000000
   23.00    0.470460    0.529540    0.000000    0.000000
   24.00    0.469720    0.530280    0.000000    0.000000
   25.00    0.461760    0.538240    0.000000    0.000000
   26.00    0.455240    0.544760    0.000000    0.000000
   27.00    0.451340    0.548660    0.000000    0.000000
   28.00    0.454140    0.545860    0.000000    0.000000
   29.00    0.450240    0.549760    0.000000    0.000000
   30.00    0.452660    0.547340    0.000000    0.000000
