    K        T1            T2           R1            R2 
	5	0.98168	0.00484	0.00938	0.0041
	6	0.89992	0.03752	0.04346	0.0191
	6.4	0.83456	0.06628	0.06738	0.03178
	6.8	0.7513	0.10496	0.09996	0.04378
	7.6	0.58448	0.18182	0.16064	0.07306
	8.4	0.49984	0.19006	0.20012	0.10998
	9.5	0.48252	0.1271	0.23944	0.15094
	10.3	0.47274	0.1174	0.25334	0.15652
	10.9	0.43186	0.1771	0.24546	0.14558
	11.5	0.3947	0.28146	0.20602	0.11782
	12	0.37878	0.38538	0.15126	0.08458
	12.8	0.40602	0.49512	0.0646	0.03426
	13.6	0.49572	0.47852	0.01752	0.00824
	14	0.54872	0.44106	0.00666	0.00356
	14.4	0.58172	0.41432	0.0027	0.00126
	15	0.61654	0.38294	0.00034	0.00018
	15.8	0.61946	0.38052	0.00002	0
	16.2	0.61648	0.38352	0	0
	16.8	0.6225	0.3775	0	0
	17.2	0.63956	0.36044	0	0
	17.8	0.6692	0.3308	0	0
	18.5	0.71374	0.28626	0	0
	20	0.78122	0.21878	0	0
	21	0.81628	0.18372	0	0
	22	0.8321	0.1679	0	0
	23	0.81572	0.18428	0	0
	24	0.7657	0.2343	0	0
	25	0.68796	0.31204	0	0
	26	0.59902	0.40098	0	0
	27	0.52944	0.47056	0	0
	28	0.47298	0.52702	0	0
	29	0.4465	0.5535	0	0
	30	0.44378	0.55622	0	0