    K        T1            T2           R1            R2 
    5.00    0.986380    0.002840    0.005380    0.005400
    6.00    0.923760    0.018280    0.026960    0.031000
    6.40    0.876540    0.030140    0.041700    0.051620
    6.80    0.819020    0.044200    0.059300    0.077480
    7.60    0.704780    0.078820    0.086500    0.129900
    8.40    0.630440    0.109700    0.098340    0.161520
    9.50    0.575080    0.140100    0.122700    0.162120
   10.30    0.552440    0.156700    0.142680    0.148180
   10.90    0.535840    0.188400    0.137660    0.138100
   11.50    0.529840    0.246900    0.108540    0.114720
   12.00    0.530940    0.309300    0.075360    0.084400
   12.80    0.527000    0.406240    0.029360    0.037400
   13.60    0.509460    0.474220    0.006960    0.009360
   14.00    0.497180    0.496320    0.002500    0.004000
   14.40    0.489380    0.508340    0.001120    0.001160
   15.00    0.486020    0.513620    0.000220    0.000140
   15.80    0.479740    0.520260    0.000000    0.000000
   16.20    0.487060    0.512940    0.000000    0.000000
   16.80    0.489860    0.510140    0.000000    0.000000
   17.20    0.493340    0.506660    0.000000    0.000000
   17.80    0.501660    0.498340    0.000000    0.000000
   18.50    0.503140    0.496860    0.000000    0.000000
   20.00    0.506960    0.493040    0.000000    0.000000
   21.00    0.501860    0.498140    0.000000    0.000000
   22.00    0.497320    0.502680    0.000000    0.000000
   23.00    0.489340    0.510660    0.000000    0.000000
   24.00    0.492100    0.507900    0.000000    0.000000
   25.00    0.493120    0.506880    0.000000    0.000000
   26.00    0.486200    0.513800    0.000000    0.000000
   27.00    0.482540    0.517460    0.000000    0.000000
   28.00    0.482820    0.517180    0.000000    0.000000
   29.00    0.486240    0.513760    0.000000    0.000000
   30.00    0.481920    0.518080    0.000000    0.000000
