    K        T1            T2           R1            R2 
    5.00    0.982540    0.002980    0.008340    0.006140
    6.00    0.914680    0.014540    0.039800    0.030980
    6.40    0.867540    0.025280    0.058760    0.048420
    6.80    0.809560    0.039300    0.077300    0.073840
    7.60    0.716380    0.070920    0.095820    0.116880
    8.40    0.663420    0.107220    0.084300    0.145060
    9.50    0.625280    0.137780    0.068460    0.168480
   10.30    0.611620    0.148940    0.072640    0.166800
   10.90    0.622880    0.144520    0.077420    0.155180
   11.50    0.671200    0.135000    0.070820    0.122980
   12.00    0.725720    0.130520    0.055540    0.088220
   12.80    0.764380    0.175160    0.023160    0.037300
   13.60    0.676040    0.308960    0.006400    0.008600
   14.00    0.606860    0.386380    0.002820    0.003940
   14.40    0.535360    0.462220    0.001020    0.001400
   15.00    0.494680    0.504860    0.000220    0.000240
   15.80    0.571360    0.428620    0.000020    0.000000
   16.20    0.646560    0.353440    0.000000    0.000000
   16.80    0.773360    0.226640    0.000000    0.000000
   17.20    0.841860    0.158140    0.000000    0.000000
   17.80    0.921140    0.078860    0.000000    0.000000
   18.50    0.973140    0.026860    0.000000    0.000000
   20.00    0.994800    0.005200    0.000000    0.000000
   21.00    0.981640    0.018360    0.000000    0.000000
   22.00    0.946640    0.053360    0.000000    0.000000
   23.00    0.880560    0.119440    0.000000    0.000000
   24.00    0.794980    0.205020    0.000000    0.000000
   25.00    0.694520    0.305480    0.000000    0.000000
   26.00    0.600780    0.399220    0.000000    0.000000
   27.00    0.524020    0.475980    0.000000    0.000000
   28.00    0.479600    0.520400    0.000000    0.000000
   29.00    0.455760    0.544240    0.000000    0.000000
   30.00    0.458960    0.541040    0.000000    0.000000
