    K        T1            T2           R1            R2 
    5.00    0.980880    0.004040    0.009180    0.005900
    6.00    0.892560    0.022460    0.051040    0.033940
    6.40    0.825260    0.038440    0.081800    0.054500
    6.80    0.747740    0.056760    0.113880    0.081620
    7.60    0.609760    0.101660    0.155620    0.132960
    8.40    0.547280    0.133620    0.151700    0.167400
    9.50    0.513860    0.160120    0.139680    0.186340
   10.30    0.475260    0.182560    0.150960    0.191220
   10.90    0.462600    0.207260    0.155600    0.174540
   11.50    0.476180    0.251020    0.131440    0.141360
   12.00    0.502800    0.301160    0.096280    0.099760
   12.80    0.520080    0.397960    0.040080    0.041880
   13.60    0.481100    0.500480    0.008480    0.009940
   14.00    0.459560    0.532760    0.003380    0.004300
   14.40    0.440300    0.556780    0.001420    0.001500
   15.00    0.446400    0.553120    0.000220    0.000260
   15.80    0.531740    0.468220    0.000020    0.000020
   16.20    0.600120    0.399860    0.000020    0.000000
   16.80    0.714940    0.285060    0.000000    0.000000
   17.20    0.782160    0.217840    0.000000    0.000000
   17.80    0.860520    0.139480    0.000000    0.000000
   18.50    0.913520    0.086480    0.000000    0.000000
   20.00    0.928600    0.071400    0.000000    0.000000
   21.00    0.909060    0.090940    0.000000    0.000000
   22.00    0.873120    0.126880    0.000000    0.000000
   23.00    0.817960    0.182040    0.000000    0.000000
   24.00    0.745000    0.255000    0.000000    0.000000
   25.00    0.658640    0.341360    0.000000    0.000000
   26.00    0.581940    0.418060    0.000000    0.000000
   27.00    0.514360    0.485640    0.000000    0.000000
   28.00    0.475700    0.524300    0.000000    0.000000
   29.00    0.453080    0.546920    0.000000    0.000000
   30.00    0.456100    0.543900    0.000000    0.000000
